#include "main.h"

/**
 * main - check the code.
 *
 * Return: Always 0.
 */
int main(void)
{
    print_times_table(3);
    _putchar('\n');
    print_times_table(5);
    _putchar('\n');
    print_times_table(98);
    _putchar('\n');
    print_times_table(12);  
    return (0);
}
julien@ubuntu:~/0x02$ gcc -Wall -pedantic -Werror -Wextra -std=gnu89 _putchar.c 100-main.c 100-times_table.c -o 100-times_table
julien@ubuntu:~/0x02$ ./100-times_table 
0,   0,   0,   0
0,   1,   2,   3
0,   2,   4,   6
0,   3,   6,   9

0,   0,   0,   0,   0,   0
0,   1,   2,   3,   4,   5
0,   2,   4,   6,   8,  10
0,   3,   6,   9,  12,  15
0,   4,   8,  12,  16,  20
0,   5,  10,  15,  20,  25


0,   0,   0,   0,   0,   0,   0,   0,   0,   0,   0,   0,   0
0,   1,   2,   3,   4,   5,   6,   7,   8,   9,  10,  11,  12
0,   2,   4,   6,   8,  10,  12,  14,  16,  18,  20,  22,  24
0,   3,   6,   9,  12,  15,  18,  21,  24,  27,  30,  33,  36
0,   4,   8,  12,  16,  20,  24,  28,  32,  36,  40,  44,  48
0,   5,  10,  15,  20,  25,  30,  35,  40,  45,  50,  55,  60
0,   6,  12,  18,  24,  30,  36,  42,  48,  54,  60,  66,  72
0,   7,  14,  21,  28,  35,  42,  49,  56,  63,  70,  77,  84
0,   8,  16,  24,  32,  40,  48,  56,  64,  72,  80,  88,  96
0,   9,  18,  27,  36,  45,  54,  63,  72,  81,  90,  99, 108
0,  10,  20,  30,  40,  50,  60,  70,  80,  90, 100, 110, 120
0,  11,  22,  33,  44,  55,  66,  77,  88,  99, 110, 121, 132
0,  12,  24,  36,  48,  60,  72,  84,  96, 108, 120, 132, 144
julien@ubuntu:~/0x02$ ./100-times_table | tr ' ' . | cat -e
0,...0,...0,...0$
0,...1,...2,...3$
0,...2,...4,...6$
0,...3,...6,...9$
$
0,...0,...0,...0,...0,...0$
0,...1,...2,...3,...4,...5$
0,...2,...4,...6,...8,..10$
0,...3,...6,...9,..12,..15$
0,...4,...8,..12,..16,..20$
0,...5,..10,..15,..20,..25$
$
$
0,...0,...0,...0,...0,...0,...0,...0,...0,...0,...0,...0,...0$
0,...1,...2,...3,...4,...5,...6,...7,...8,...9,..10,..11,..12$
0,...2,...4,...6,...8,..10,..12,..14,..16,..18,..20,..22,..24$
0,...3,...6,...9,..12,..15,..18,..21,..24,..27,..30,..33,..36$
0,...4,...8,..12,..16,..20,..24,..28,..32,..36,..40,..44,..48$
0,...5,..10,..15,..20,..25,..30,..35,..40,..45,..50,..55,..60$
0,...6,..12,..18,..24,..30,..36,..42,..48,..54,..60,..66,..72$
0,...7,..14,..21,..28,..35,..42,..49,..56,..63,..70,..77,..84$
0,...8,..16,..24,..32,..40,..48,..56,..64,..72,..80,..88,..96$
0,...9,..18,..27,..36,..45,..54,..63,..72,..81,..90,..99,.108$
0,..10,..20,..30,..40,..50,..60,..70,..80,..90,.100,.110,.120$
0,..11,..22,..33,..44,..55,..66,..77,..88,..99,.110,.121,.132$
0,..12,..24,..36,..48,..60,..72,..84,..96,.108,.120,.132,.144$
julien@ubuntu:~/0x02$ 
